service_id,monday,tuesday,wednesday,thursday,friday,saturday,sunday,start_date,end_date
21N-H50N000S-82-S,1,1,1,1,1,0,0,20211025,20211217
21N-H50N000S-82-SV,0,0,0,0,1,0,0,20211025,20211217
21N-H54N000S-84-S,1,1,1,1,1,0,0,20211025,20211217
21N-H55N000S-82-S,1,1,1,1,1,0,0,20211025,20211217
21N-H55N000S-82-SV,0,0,0,0,1,0,0,20211025,20211217
21N-H56N000S-82-S,1,1,1,1,1,0,0,20211025,20211217
21N-H56N000S-82-SV,0,0,0,0,1,0,0,20211025,20211217
21N-H57N000S-83-S,1,1,1,1,1,0,0,20211025,20211217
21N-H58N000S-82-S,1,1,1,1,1,0,0,20211025,20211217
21N-H59N000S-82-S,1,1,1,1,1,0,0,20211025,20211217
21N-H59N000S-82-SV,0,0,0,0,1,0,0,20211025,20211217
21N-H60N000S-01-S,1,1,1,1,1,0,0,20211025,20211217
21N-H62N000S-00-S,1,1,1,1,1,0,0,20211025,20211217
21N-GLOBAUX-00-S,1,1,1,1,1,0,0,20211025,20211231
21N-H50N000A-01-A,0,0,0,0,0,1,0,20211030,20211218
21N-H54N000A-00-A,0,0,0,0,0,1,0,20211030,20211218
21N-H55N000A-01-A,0,0,0,0,0,1,0,20211030,20211218
21N-H56N000A-01-A,0,0,0,0,0,1,0,20211030,20211218
21N-H57N000A-01-A,0,0,0,0,0,1,0,20211030,20211218
21N-H58N000A-00-A,0,0,0,0,0,1,0,20211030,20211218
21N-H59N000A-80-A,0,0,0,0,0,1,0,20211030,20211218
21N-H60N000A-01-A,0,0,0,0,0,1,0,20211030,20211218
21N-H62N000A-00-A,0,0,0,0,0,1,0,20211030,20211218
21N-GLOBAUX-00-A,0,0,0,0,0,1,0,20211030,20211218
21N-H50N000I-01-I,0,0,0,0,0,0,1,20211031,20211219
21N-H54N000I-00-I,0,0,0,0,0,0,1,20211031,20211219
21N-H55N000I-01-I,0,0,0,0,0,0,1,20211031,20211219
21N-H56N000I-01-I,0,0,0,0,0,0,1,20211031,20211219
21N-H57N000I-01-I,0,0,0,0,0,0,1,20211031,20211219
21N-H58N000I-00-I,0,0,0,0,0,0,1,20211031,20211219
21N-H59N000I-80-I,0,0,0,0,0,0,1,20211031,20211219
21N-H60N000I-01-I,0,0,0,0,0,0,1,20211031,20211219
21N-H62N000I-00-I,0,0,0,0,0,0,1,20211031,20211219
21N-GLOBAUX-00-I,0,0,0,0,0,0,1,20211031,20211219
21N-H50NV10S-82-S,1,1,1,1,1,0,0,20211220,20211224
21N-H50NV10S-82-SV,0,0,0,0,1,0,0,20211220,20211224
21N-H54NV10S-84-S,1,1,1,1,1,0,0,20211220,20211224
21N-H55NV10S-82-S,1,1,1,1,1,0,0,20211220,20211224
21N-H55NV10S-82-SV,0,0,0,0,1,0,0,20211220,20211224
21N-H56NV10S-82-S,1,1,1,1,1,0,0,20211220,20211224
21N-H56NV10S-82-SV,0,0,0,0,1,0,0,20211220,20211224
21N-H57NV10S-80-S,1,1,1,1,1,0,0,20211220,20211224
21N-H58NV10S-83-S,1,1,1,1,1,0,0,20211220,20211224
21N-H59NV10S-83-S,1,1,1,1,1,0,0,20211220,20211224
21N-H59NV10S-83-SV,0,0,0,0,1,0,0,20211220,20211224
21N-H60NV10S-83-S,1,1,1,1,1,0,0,20211220,20211224
21N-H62NV10S-00-S,1,1,1,1,1,0,0,20211220,20211224
21N-H50N100F-00-F1,0,0,0,0,0,1,0,20211225,20211225
21N-H54N100F-25-F1,0,0,0,0,0,1,0,20211225,20211225
21N-H55N100F-01-F1,0,0,0,0,0,1,0,20211225,20211225
21N-H56N100F-01-F1,0,0,0,0,0,1,0,20211225,20211225
21N-H57N100F-01-F1,0,0,0,0,0,1,0,20211225,20211225
21N-H58N100F-00-F1,0,0,0,0,0,1,0,20211225,20211225
21N-H59N100F-00-F1,0,0,0,0,0,1,0,20211225,20211225
21N-H60N100F-02-F1,0,0,0,0,0,1,0,20211225,20211225
21N-H62N100F-00-F1,0,0,0,0,0,1,0,20211225,20211225
21N-GLOBAUX-00-F1,0,0,0,0,0,1,0,20211225,20211225
21N-H50N200F-00-F2,0,0,0,0,0,0,1,20211226,20211226
21N-H54N200F-26-F2,0,0,0,0,0,0,1,20211226,20211226
21N-H55N200F-01-F2,0,0,0,0,0,0,1,20211226,20211226
21N-H56N200F-01-F2,0,0,0,0,0,0,1,20211226,20211226
21N-H57N200F-01-F2,0,0,0,0,0,0,1,20211226,20211226
21N-H58N200F-02-F2,0,0,0,0,0,0,1,20211226,20211226
21N-H59N200F-00-F2,0,0,0,0,0,0,1,20211226,20211226
21N-H60N200F-02-F2,0,0,0,0,0,0,1,20211226,20211226
21N-H62N200F-00-F2,0,0,0,0,0,0,1,20211226,20211226
21N-GLOBAUX-00-F2,0,0,0,0,0,0,1,20211226,20211226
21N-H50NV20S-80-S,1,1,1,1,1,0,0,20211227,20211231
21N-H50NV20S-80-SV,0,0,0,0,1,0,0,20211227,20211231
21N-H54NV20S-84-S,1,1,1,1,1,0,0,20211227,20211231
21N-H55NV20S-82-S,1,1,1,1,1,0,0,20211227,20211231
21N-H55NV20S-82-SV,0,0,0,0,1,0,0,20211227,20211231
21N-H56NV20S-82-S,1,1,1,1,1,0,0,20211227,20211231
21N-H56NV20S-82-SV,0,0,0,0,1,0,0,20211227,20211231
21N-H57NV20S-80-S,1,1,1,1,1,0,0,20211227,20211231
21N-H58NV20S-83-S,1,1,1,1,1,0,0,20211227,20211231
21N-H59NV20S-82-S,1,1,1,1,1,0,0,20211227,20211231
21N-H59NV20S-82-SV,0,0,0,0,1,0,0,20211227,20211231
21N-H60NV20S-01-S,1,1,1,1,1,0,0,20211227,20211231
21N-H62NV20S-00-S,1,1,1,1,1,0,0,20211227,20211231
21N-H50N300F-00-F3,0,0,0,0,0,1,0,20220101,20220101
21N-H54N300F-01-F3,0,0,0,0,0,1,0,20220101,20220101
21N-H55N300F-01-F3,0,0,0,0,0,1,0,20220101,20220101
21N-H56N300F-01-F3,0,0,0,0,0,1,0,20220101,20220101
21N-H57N300F-01-F3,0,0,0,0,0,1,0,20220101,20220101
21N-H58N300F-00-F3,0,0,0,0,0,1,0,20220101,20220101
21N-H59N300F-00-F3,0,0,0,0,0,1,0,20220101,20220101
21N-H60N300F-01-F3,0,0,0,0,0,1,0,20220101,20220101
21N-H62N300F-00-F3,0,0,0,0,0,1,0,20220101,20220101
21N-GLOBAUX-00-F3,0,0,0,0,0,1,0,20220101,20220101
21N-H50N400F-00-F4,0,0,0,0,0,0,1,20220102,20220102
21N-H54N400F-02-F4,0,0,0,0,0,0,1,20220102,20220102
21N-H55N400F-01-F4,0,0,0,0,0,0,1,20220102,20220102
21N-H56N400F-01-F4,0,0,0,0,0,0,1,20220102,20220102
21N-H57N400F-01-F4,0,0,0,0,0,0,1,20220102,20220102
21N-H58N400F-01-F4,0,0,0,0,0,0,1,20220102,20220102
21N-H59N400F-00-F4,0,0,0,0,0,0,1,20220102,20220102
21N-H60N400F-03-F4,0,0,0,0,0,0,1,20220102,20220102
21N-H62N400F-00-F4,0,0,0,0,0,0,1,20220102,20220102
21N-GLOBAUX-00-F4,0,0,0,0,0,0,1,20220102,20220102
22J-H50J000S-82-S,1,1,1,1,1,0,0,20220103,20220225
22J-H50J000S-82-SV,0,0,0,0,1,0,0,20220103,20220225
22J-H54J000S-82-S,1,1,1,1,1,0,0,20220103,20220318
22J-H55J000S-85-S,1,1,1,1,1,0,0,20220103,20220225
22J-H55J000S-85-SV,0,0,0,0,1,0,0,20220103,20220225
22J-H56J000S-80-S,1,1,1,1,1,0,0,20220103,20220318
22J-H56J000S-80-SV,0,0,0,0,1,0,0,20220103,20220318
22J-H57J000S-80-S,1,1,1,1,1,0,0,20220103,20220318
22J-H58J000S-81-S,1,1,1,1,1,0,0,20220103,20220225
22J-H59J000S-80-S,1,1,1,1,1,0,0,20220103,20220318
22J-H59J000S-80-SV,0,0,0,0,1,0,0,20220103,20220318
22J-H60J000S-83-S,1,1,1,1,1,0,0,20220103,20220318
22J-H62J000S-01-S,1,1,1,1,1,0,0,20220103,20220318
22J-GLOBAUX-00-S,1,1,1,1,1,0,0,20220103,20220318
22J-H50J000A-00-A,0,0,0,0,0,1,0,20220108,20220226
22J-H54J000A-01-A,0,0,0,0,0,1,0,20220108,20220319
22J-H55J000A-03-A,0,0,0,0,0,1,0,20220108,20220226
22J-H56J000A-00-A,0,0,0,0,0,1,0,20220108,20220319
22J-H57J000A-80-A,0,0,0,0,0,1,0,20220108,20220319
22J-H58J000A-01-A,0,0,0,0,0,1,0,20220108,20220226
22J-H59J000A-80-A,0,0,0,0,0,1,0,20220108,20220319
22J-H60J000A-02-A,0,0,0,0,0,1,0,20220108,20220319
22J-H62J000A-01-A,0,0,0,0,0,1,0,20220108,20220319
22J-GLOBAUX-00-A,0,0,0,0,0,1,0,20220108,20220319
22J-H50J000I-00-I,0,0,0,0,0,0,1,20220109,20220227
22J-H54J000I-01-I,0,0,0,0,0,0,1,20220109,20220320
22J-H55J000I-06-I,0,0,0,0,0,0,1,20220109,20220227
22J-H56J000I-00-I,0,0,0,0,0,0,1,20220109,20220320
22J-H57J000I-80-I,0,0,0,0,0,0,1,20220109,20220320
22J-H58J000I-01-I,0,0,0,0,0,0,1,20220109,20220227
22J-H59J000I-80-I,0,0,0,0,0,0,1,20220109,20220320
22J-H60J000I-02-I,0,0,0,0,0,0,1,20220109,20220320
22J-H62J000I-01-I,0,0,0,0,0,0,1,20220109,20220320
22J-GLOBAUX-00-I,0,0,0,0,0,0,1,20220109,20220320
22J-H50JV00S-63-S,1,1,1,1,1,0,0,20220228,20220304
22J-H50JV00S-63-SV,0,0,0,0,1,0,0,20220228,20220304
22J-H54JV00S-81-S,1,1,1,1,1,0,0,20220228,20220304
22J-H55JV00S-86-S,1,1,1,1,1,0,0,20220228,20220304
22J-H55JV00S-86-SV,0,0,0,0,1,0,0,20220228,20220304
22J-H56JV00S-80-S,1,1,1,1,1,0,0,20220228,20220304
22J-H56JV00S-80-SV,0,0,0,0,1,0,0,20220228,20220304
22J-H57JV00S-82-S,1,1,1,1,1,0,0,20220228,20220304
22J-H58JV00S-80-S,1,1,1,1,1,0,0,20220228,20220304
22J-H59JV00S-81-S,1,1,1,1,1,0,0,20220228,20220304
22J-H59JV00S-81-SV,0,0,0,0,1,0,0,20220228,20220304
22J-H60JV00S-84-S,1,1,1,1,1,0,0,20220228,20220304
22J-H62JV00S-01-S,1,1,1,1,1,0,0,20220228,20220304
22J-H50JV00A-01-A,0,0,0,0,0,1,0,20220305,20220305
22J-H54JV00A-01-A,0,0,0,0,0,1,0,20220305,20220305
22J-H55JV00A-05-A,0,0,0,0,0,1,0,20220305,20220305
22J-H56JV00A-00-A,0,0,0,0,0,1,0,20220305,20220305
22J-H57JV00A-80-A,0,0,0,0,0,1,0,20220305,20220305
22J-H58JV00A-01-A,0,0,0,0,0,1,0,20220305,20220305
22J-H59JV00A-80-A,0,0,0,0,0,1,0,20220305,20220305
22J-H60JV00A-03-A,0,0,0,0,0,1,0,20220305,20220305
22J-H62JV00A-01-A,0,0,0,0,0,1,0,20220305,20220305
22J-H50JV00I-01-I,0,0,0,0,0,0,1,20220306,20220306
22J-H54JV00I-01-I,0,0,0,0,0,0,1,20220306,20220306
22J-H55JV00I-08-I,0,0,0,0,0,0,1,20220306,20220306
22J-H56JV00I-00-I,0,0,0,0,0,0,1,20220306,20220306
22J-H57JV00I-80-I,0,0,0,0,0,0,1,20220306,20220306
22J-H58JV00I-01-I,0,0,0,0,0,0,1,20220306,20220306
22J-H59JV00I-80-I,0,0,0,0,0,0,1,20220306,20220306
22J-H60JV00I-03-I,0,0,0,0,0,0,1,20220306,20220306
22J-H62JV00I-01-I,0,0,0,0,0,0,1,20220306,20220306
22J-H50J000S-84-S,1,1,1,1,1,0,0,20220307,20220318
22J-H50J000S-84-SV,0,0,0,0,1,0,0,20220307,20220318
22J-H55J000S-86-S,1,1,1,1,1,0,0,20220307,20220318
22J-H55J000S-86-SV,0,0,0,0,1,0,0,20220307,20220318
22J-H58J000S-83-S,1,1,1,1,1,0,0,20220307,20220318
22J-H50J000A-03-A,0,0,0,0,0,1,0,20220312,20220319
22J-H55J000A-04-A,0,0,0,0,0,1,0,20220312,20220319
22J-H58J000A-02-A,0,0,0,0,0,1,0,20220312,20220319
22J-H50J000I-04-I,0,0,0,0,0,0,1,20220313,20220320
22J-H55J000I-07-I,0,0,0,0,0,0,1,20220313,20220320
22J-H58J000I-02-I,0,0,0,0,0,0,1,20220313,20220320
